8.0953 610.566 10.79
8.1953 599.286 10.642
8.2953 595.289 10.601
8.3953 610.083 10.741
8.4953 580.668 10.492
8.5953 601.511 10.65
8.6953 598.151 10.62
8.7953 583.935 10.493
8.8953 578.178 10.455
8.9953 574.161 10.419
9.0953 581.076 10.47
9.1953 593.639 10.626
9.2953 570.103 10.412
9.3953 574.873 10.401
9.4953 576.524 10.493
9.5953 569.727 10.398
9.6953 561.295 10.341
9.7953 567.873 10.5
9.8953 559.112 10.549
9.9953 560.236 10.546
10.0953 565.933 10.439
10.1953 559.699 10.308
10.2953 546.381 10.201
10.3953 567.019 10.363
10.4953 545.08 10.152
10.5953 565.773 10.323
10.6953 547.74 10.194
10.7953 554.285 10.176
10.8953 545.091 10.11
10.9953 529.007 9.956
11.0953 541.209 9.993
11.1953 517.155 9.824
11.2953 531.779 10.556
11.3953 542.725 9.887
11.4953 544.4 10.05
11.5953 526.513 9.903
11.6953 526.278 9.967
11.7953 525.767 9.927
11.8953 510.188 9.793
11.9953 523.908 9.919
12.0953 536.008 10.063
12.1953 522.253 9.907
12.2953 514.367 9.809
12.3953 526.5 10.014
12.4953 511.666 9.832
12.5953 519.487 9.894
12.6953 516.43 9.88
12.7953 529.469 10.069
12.8953 506.125 9.733
12.9953 511.754 9.902
13.0953 512.716 10.22
13.1953 520.505 9.84
13.2953 513.299 10.113
13.3953 499.83 9.737
13.4953 498.933 9.757
13.5953 500.8 9.703
13.6953 525.591 10.008
13.7953 497.921 9.663
13.8953 508.916 9.847
13.9953 520.551 9.846
14.0953 523.344 9.993
14.1953 522.402 9.799
14.2953 506.087 9.822
14.3953 512.924 9.79
14.4953 515.577 9.841
14.5953 529.868 10.048
14.6953 497.011 9.633
14.7953 498.94 9.661
14.8953 507.539 9.753
14.9953 511.032 9.835
15.0953 486.746 9.714
15.1953 509.387 9.477
15.2953 513.536 10.01
15.3953 521.005 9.892
15.4953 492.879 9.609
15.5953 498.602 9.702
15.6953 502.479 9.768
15.7953 503.507 9.713
15.8953 487.678 9.659
15.9953 507.468 9.793
16.0953 496.181 9.742
16.1953 502.906 9.805
16.2953 506.499 9.999
16.3953 494.671 9.925
16.4953 510.402 9.915
16.5953 494.964 9.675
16.6953 498.516 9.76
16.7953 513.652 9.871
16.8953 497.299 9.721
16.9953 498.876 9.702
17.0953 493.858 9.676
17.1953 494.698 9.67
17.2953 512.401 9.812
17.3953 493.191 9.661
17.4953 515.096 9.864
17.5953 484.629 9.504
17.6953 485.291 9.59
17.7953 500.163 9.714
17.8953 482.346 9.5
17.9953 480.211 9.491
18.0953 476.941 9.491
18.1953 490.992 9.611
18.2953 508.388 9.784
18.3953 498.82 9.67
18.4953 493.309 9.665
18.5953 505.71 9.725
18.6953 489.194 9.59
18.7953 494.524 9.676
18.8953 519.568 9.91
18.9953 504.822 9.737
19.0953 505.739 9.797
19.1953 485.935 9.6
19.2953 496.465 9.718
19.3953 495.369 9.706
19.4953 484.241 9.823
19.5953 483.445 9.731
19.6953 490.104 9.662
19.7953 486.586 9.617
19.8953 487.747 9.606
19.9953 482.284 9.541
20.0953 489.986 9.608
20.1953 490.568 9.451
20.2953 463.555 9.702
20.3953 504.747 9.671
20.4953 498.164 9.438
20.5953 501.906 9.843
20.6953 494.987 9.599
20.7953 496.503 9.645
20.8953 520.878 9.872
20.9953 532.796 10.031
21.0953 558.321 10.2
21.1953 557.632 10.225
21.2953 555.669 10.194
21.3953 520.032 9.886
21.4953 510.189 9.784
21.5953 498.399 9.656
21.6953 503.584 9.762
21.7953 493.584 9.577
21.8953 504.232 9.751
21.9953 494.898 9.626
22.0953 511.241 9.813
22.1953 524.033 9.968
22.2953 519.823 9.896
22.3953 475.781 9.504
22.4953 487.101 9.616
22.5953 499.996 9.766
22.6953 455.723 9.492
22.7953 478.545 9.7
22.8953 480.702 9.568
22.9953 463.816 9.329
23.0953 464.288 9.363
23.1953 475.748 9.471
23.2953 454.423 9.217
23.3953 450.803 9.196
23.4953 467.027 9.393
23.5953 474.102 9.357
23.6953 453.564 9.209
23.7953 454.847 9.214
23.8953 460.253 9.266
23.9953 455.224 9.188
24.0953 456.969 9.245
24.1953 468.748 9.36
24.2953 470.096 9.322
24.3953 465.2 9.315
24.4953 471.37 9.351
24.5953 461.083 9.317
24.6953 481.236 9.432
24.7953 499.789 9.618
24.8953 487.215 9.564
24.9953 501.224 9.641
25.0953 543.686 10.063
25.1953 541.705 10.059
25.2953 523.496 9.9
25.3953 506.22 9.726
25.4953 485.793 9.546
25.5953 457.286 9.269
25.6953 453.215 9.213
25.7953 451.363 9.287
25.8953 455.73 9.431
25.9953 465.462 9.551
26.0953 459.463 9.326
26.1953 446.099 9.15
26.2953 462.384 9.291
26.3953 469.177 9.41
26.4953 473.72 9.387
26.5953 458.744 9.229
26.6953 504.824 9.732
26.7953 498.85 9.638
26.8953 485.07 9.511
26.9953 502.444 9.637
27.0953 512.005 9.789
27.1953 502.447 9.654
27.2953 527.375 9.908
27.3953 531.842 9.957
27.4953 554.172 10.147
27.5953 626.783 10.787
27.6953 703.024 11.473
27.7953 787.577 12.087
27.8953 909.027 13.033
27.9953 911.249 12.955
28.0953 817.476 12.38
28.1953 706.244 11.486
28.2953 584.032 10.398
28.3953 500.63 9.694
28.4953 459.82 9.248
28.5953 468.275 9.356
28.6953 487.514 9.576
28.7953 474.467 9.453
28.8953 511.424 9.824
28.9953 530.723 9.989
29.0953 570.468 10.544
29.1953 580.093 10.61
29.2953 580.2 10.551
29.3953 559.296 10.271
29.4953 529.543 9.991
29.5953 470.401 9.38
29.6953 458.2 9.246
29.7953 447.58 9.173
29.8953 459.662 9.298
29.9953 449.813 9.149
30.0953 456.958 9.251
30.1953 458.027 9.257
30.2953 453.299 9.211
30.3953 463.096 9.271
30.4953 454.099 9.239
30.5953 451.935 9.2
30.6953 456.195 9.228
30.7953 460.746 9.258
30.8953 471.554 9.382
30.9953 490.558 9.604
31.0953 499.307 9.629
31.1953 545.158 10.09
31.2953 532.78 10.006
31.3953 489.768 9.557
31.4953 465.591 9.332
31.5953 452.84 9.205
31.6953 455.037 9.269
31.7953 436.961 9.039
31.8953 433.579 9.041
31.9953 434.607 9.021
32.0953 417.323 8.879
32.1953 431.751 9.076
32.2953 441.289 9.305
32.3953 434.26 9.182
32.4953 430.777 9.03
32.5953 424.179 8.913
32.6953 423.01 8.904
32.7953 435.335 8.998
32.8953 410.472 8.775
32.9953 439.309 9.014
33.0953 426.834 8.955
33.1953 428.896 8.903
33.2953 407.533 8.722
33.3953 435.657 8.966
33.4953 441.176 9.055
33.5953 435.361 8.966
33.6953 411.864 8.726
33.7953 428.711 8.959
33.8953 430.394 8.895
33.9953 424.626 8.862
34.0953 426.723 8.9
34.1953 435.865 8.995
34.2953 414.964 8.789
34.3953 421.233 8.753
34.4953 429.06 8.99
34.5953 445.204 9.035
34.6953 428.245 8.957
34.7953 445.43 9.1
34.8953 448.543 9.125
34.9953 441.4 9.046
35.0953 448.941 9.175
35.1953 437.7 9.037
35.2953 449.257 9.188
35.3953 441.072 9.177
35.4953 463.418 9.485
35.5953 455.215 9.408
35.6953 462.081 9.376
35.7953 471.073 9.375
35.8953 449.422 9.181
35.9953 478.107 9.422
36.0953 471.016 9.379
36.1953 502.968 9.662
36.2953 518.165 9.861
36.3953 546.061 10.059
36.4953 527.961 9.932
36.5953 539.676 9.967
36.6953 497.994 9.632
36.7953 489.741 9.503
36.8953 475.58 9.401
36.9953 444.62 9.089
37.0953 447.922 9.105
37.1953 439.057 8.988
37.2953 430.555 8.96
37.3953 427.059 8.885
37.4953 435.255 8.96
37.5953 451.956 9.172
37.6953 438.916 9.018
37.7953 443.496 9.085
37.8953 435.221 8.965
37.9953 438.247 9.029
38.0953 453.325 9.189
38.1953 442.35 9.086
38.2953 436.456 8.994
38.3953 432.205 9.004
38.4953 423.756 8.865
38.5953 443.269 9.185
38.6953 448.221 9.338
38.7953 451.024 9.378
38.8953 454.722 9.276
38.9953 480.6 9.523
39.0953 507.069 9.748
39.1953 529.149 9.914
39.2953 622.724 10.783
39.3953 664.735 11.108
39.4953 663.144 11.133
39.5953 593.611 10.479
39.6953 543.058 10.05
39.7953 487.383 9.495
39.8953 454.908 9.202
39.9953 446.911 9.077
40.0953 459.724 9.231
40.1953 456.191 9.235
40.2953 454.491 9.158
40.3953 459.297 9.214
40.4953 455.235 9.212
40.5953 464.841 9.289
40.6953 450.256 9.13
40.7953 443.713 9.088
40.8953 460.416 9.264
40.9953 448.203 9.119
41.0953 440.226 9.018
41.1953 459.178 9.282
41.2953 469.632 9.348
41.3953 468.669 9.342
41.4953 462.908 9.329
41.5953 465.557 9.324
41.6953 470.505 9.378
41.7953 470.461 9.487
41.8953 488.248 9.917
41.9953 481.285 9.399
42.0953 511.001 10.014
42.1953 555.082 10.185
42.2953 647.21 11.091
42.3953 779.017 12.056
42.4953 903.393 13.037
42.5953 948.829 13.231
42.6953 909.618 13.11
42.7953 815.125 12.321
42.8953 688.51 11.287
42.9953 611.654 10.721
43.0953 527.353 9.882
43.1953 503.729 9.66
43.2953 505.775 9.734
43.3953 542.934 10.015
43.4953 586.068 10.449
43.5953 623.013 10.759
43.6953 651.501 10.97
43.7953 600.583 10.566
43.8953 541.115 10.047
43.9953 495.774 9.568
44.0953 477.013 9.408
44.1953 486.336 9.56
44.2953 490.262 9.525
44.3953 517.549 9.851
44.4953 571.471 10.317
44.5953 650.958 10.967
44.6953 738.76 11.807
44.7953 789.205 12.163
44.8953 713.054 11.569
44.9953 632.055 10.96
45.0953 547.329 10.351
45.1953 481.298 9.659
45.2953 468.643 9.39
45.3953 454.575 9.21
45.4953 429.901 8.927
45.5953 431.843 8.973
45.6953 448.988 9.116
45.7953 475.34 9.371
45.8953 524.029 9.872
45.9953 608.676 10.584
46.0953 713.815 11.457
46.1953 860.698 12.603
46.2953 927.299 13.089
46.3953 851.203 12.503
46.4953 701.413 11.375
46.5953 566.187 10.214
46.6953 480.885 9.407
46.7953 458.434 9.204
46.8953 468.198 9.279
46.9953 471.474 9.291
47.0953 480.815 9.426
47.1953 479.9 9.404
47.2953 532.332 9.914
47.3953 580.583 10.338
47.4953 625.2 10.752
47.5953 648.001 10.905
47.6953 602.616 10.579
47.7953 558.607 10.155
47.8953 486.971 9.507
47.9953 477.752 9.442
48.0953 506.26 9.668
48.1953 594.372 10.634
48.2953 798.454 12.433
48.3953 1126.642 14.818
48.4953 1827.64 18.511
48.5953 2726.318 22.576
48.6953 3408.013 25.159
48.7953 3550.588 25.767
48.8953 3260.012 24.534
48.9953 2659.179 22.195
49.0953 1848.493 18.591
49.1953 1192.229 14.803
49.2953 739.689 11.687
49.3953 560.847 10.189
49.4953 482.43 9.438
49.5953 462.335 9.236
49.6953 477.686 9.363
49.7953 473.671 9.399
49.8953 453.83 9.108
49.9953 478.375 9.378
50.0953 459.499 9.234
50.1953 466.659 9.285
50.2953 479.434 9.404
50.3953 469.281 9.31
50.4953 461.507 9.23
50.5953 470.357 9.346
50.6953 469.077 9.298
50.7953 485.325 9.494
50.8953 522.23 9.839
50.9953 608.549 10.631
51.0953 712.536 11.517
51.1953 837.201 12.489
51.2953 820.515 12.373
51.3953 719.171 11.577
51.4953 591.815 10.759
51.5953 527.229 10.089
51.6953 476.713 9.487
51.7953 475.485 9.409
51.8953 469.952 9.33
51.9953 494.795 9.551
52.0953 490.366 9.542
52.1953 522.169 9.835
52.2953 504.654 9.608
52.3953 510.61 9.718
52.4953 509.008 9.663
52.5953 517.866 9.743
52.6953 507.914 9.664
52.7953 486.089 9.439
52.8953 456.024 9.174
52.9953 439.953 8.958
53.0953 456.466 9.172
53.1953 436.233 8.934
53.2953 442.128 9.012
53.3953 445.551 9.048
53.4953 447.772 9.084
53.5953 437.761 8.939
53.6953 442.827 9.035
53.7953 433.393 8.936
53.8953 430.952 8.865
53.9953 440.801 9.036
54.0953 442.74 9.041
54.1953 454.369 9.144
54.2953 445.22 9.069
54.3953 455.648 9.209
54.4953 521.38 9.818
54.5953 569.006 10.332
54.6953 581.443 10.603
54.7953 596.425 10.764
54.8953 561.157 10.235
54.9953 510.121 9.761
55.0953 487.392 9.482
55.1953 469.414 9.334
55.2953 479.518 9.379
55.3953 488.657 9.501
55.4953 464.056 9.253
55.5953 453.379 9.106
55.6953 470.576 9.335
55.7953 460.01 9.206
55.8953 442.091 9.007
55.9953 460.338 9.188
56.0953 448.05 9.069
56.1953 440.027 8.997
56.2953 456.39 9.155
56.3953 455.224 9.119
56.4953 448.806 9.11
56.5953 447.123 9.078
56.6953 438.743 8.965
56.7953 462.731 9.22
56.8953 447.289 9.087
56.9953 473.149 9.294
57.0953 461.414 9.234
57.1953 465.78 9.258
57.2953 458.134 9.218
57.3953 470.527 9.34
57.4953 417.548 8.737
57.5953 428.85 8.954
57.6953 450.445 9.149
57.7953 447.839 9.147
57.8953 450.1 9.393
57.9953 429.657 9.058
58.0953 441.822 9.11
58.1953 434.976 8.99
58.2953 432.698 8.939
58.3953 426.376 8.91
58.4953 428.963 8.864
58.5953 433.105 8.955
58.6953 420.028 8.773
58.7953 420.83 8.794
58.8953 435.956 8.953
58.9953 432.596 8.96
59.0953 436.201 8.823
59.1953 424.102 8.872
59.2953 431.108 8.904
59.3953 453.393 9.115
59.4953 455.086 9.12
59.5953 440.441 8.976
59.6953 456.879 9.15
59.7953 447.938 9.115
59.8953 437.06 8.881
59.9953 432.927 8.94
60.0953 451.812 9.13
60.1953 429.794 8.86
60.2953 447.142 9.032
60.3953 449.704 9.119
60.4953 441.801 8.986
60.5953 446.113 9.054
60.6953 430.853 8.916
60.7953 445.943 9.073
60.8953 453.187 9.184
60.9953 497.719 9.667
61.0953 537.194 10.147
61.1953 535.696 10.164
61.2953 518.388 9.805
61.3953 473.839 9.338
61.4953 446.975 9.034
61.5953 431.265 8.904
61.6953 434.608 8.907
61.7953 441.418 8.977
61.8953 430.764 8.903
61.9953 454.478 9.08
62.0953 443.251 8.951
62.1953 457.355 9.18
62.2953 449.127 9.008
62.3953 457.376 9.115
62.4953 468.443 9.214
62.5953 480.433 9.4
62.6953 493.43 9.432
62.7953 455.509 9.099
62.8953 451.388 9.051
62.9953 430.175 8.84
63.0953 425.014 8.771
63.1953 430.546 8.827
63.2953 417.904 8.777
63.3953 428.75 8.792
63.4953 449.922 9.024
63.5953 441.12 8.991
63.6953 449.144 9.059
63.7953 425.268 8.769
63.8953 433.88 8.929
63.9953 442.493 8.976
64.0953 527.99 9.845
64.1953 704.311 11.412
64.2953 1182.35 14.797
64.3953 1815.645 19.045
64.4953 2240.322 20.128
64.7953 1121.811 13.811
64.8953 757.83 12.936
64.9953 608.36 12.246
65.0953 545.79 10.209
65.1953 594.23 9.602
65.2953 669.487 10.953
65.3953 732.282 11.511
65.4953 654.404 10.931
65.5953 525.214 9.726
65.6953 472.31 9.317
65.7953 448.458 9.038
65.8953 451.705 9.054
65.9953 437.709 8.935
66.0953 438.535 8.97
66.1953 444.404 8.993
66.2953 442.033 8.974
66.3953 439.421 8.944
66.4953 446.352 9.094
66.5953 452.275 9.042
66.6953 445.536 9.036
66.7953 438.693 8.992
66.8953 426.23 8.863
66.9953 426.854 8.822
67.0953 435.927 8.973
67.1953 447.614 9.064
67.2953 432.558 8.967
67.3953 451.377 9.164
67.4953 492.146 9.74
67.5953 565.254 10.393
67.6953 656.916 11.022
67.7953 677.92 11.16
67.8953 625.301 10.697
67.9953 523.724 9.786
68.0953 470.934 9.232
68.1953 426.638 8.801
68.2953 448.296 9.053
68.3953 434.72 8.852
68.4953 432.888 8.855
68.5953 435.786 8.875
68.6953 428.026 8.801
68.7953 444.425 8.955
68.8953 475.144 9.232
68.9953 580.841 10.286
69.0953 723.386 11.353
69.1953 836.53 12.298
69.2953 830.165 12.265
69.3953 699.705 11.278
69.4953 554.539 9.947
69.5953 485.811 9.383
69.6953 463.643 9.153
69.7953 455.095 9.069
69.8953 435.83 8.85
69.9953 438.972 8.938
70.0953 434.468 8.9
70.1953 458.813 9.106
70.2953 503.612 9.595
70.3953 542.603 9.951
70.4953 538.386 9.884
70.5953 540.223 10.004
70.6953 514.341 9.895
70.7953 506.017 9.776
70.8953 538.696 9.955
70.9953 521.122 9.751
71.0953 484.746 9.429
71.1953 437.207 8.886
71.2953 435.565 8.898
71.3953 419.348 8.714
71.4953 437.852 8.902
71.5953 431.755 8.835
71.6953 416.61 8.661
71.7953 409.639 8.592
71.8953 427.21 8.801
71.9953 418.506 8.685
72.0953 413.419 8.66
72.1953 431.344 8.812
72.2953 421.251 8.712
72.3953 410.819 8.594
72.4953 444.271 8.946
72.5953 513.636 9.683
72.6953 626.847 10.575
72.7953 716.852 11.329
72.8953 735.228 11.496
72.9953 619.321 10.48
73.0953 563.404 10.067
73.1953 472.256 9.078
73.2953 429.967 8.589
73.3953 440.87 7.697
73.4953 416.346 16.509
73.5953 470.084 8.838
73.6953 539.816 9.189
73.7953 610.3 9.669
73.8953 597.58 14.105
73.9953 550.386 9.686
74.0953 466.778 9.236
74.1953 422.329 8.746
74.2953 427.135 8.806
74.3953 410.136 8.644
74.4953 417.621 8.676
74.5953 403.11 8.602
74.6953 428.387 8.824
74.7953 423.356 8.776
74.8953 435.963 8.855
74.9953 436.808 8.931
75.0953 424.625 8.789
75.1953 424.37 8.754
75.2953 413.892 8.664
75.3953 418.491 8.734
75.4953 408.747 8.589
75.5953 402.418 8.531
75.6953 428.277 8.82
75.7953 432.789 8.855
75.8953 455.907 9.093
75.9953 485.155 9.394
76.0953 514.277 9.643
76.1953 568.23 10.188
76.2953 647.615 10.791
76.3953 703.939 11.351
76.4953 824.049 12.227
76.5953 895.737 12.749
76.6953 810.356 12.19
76.7953 636.437 10.792
76.8953 537.566 9.931
76.9953 625.312 10.77
77.0953 895.852 13.087
77.1953 1495.13 16.927
77.2953 1969.956 19.159
77.3953 2020.722 19.295
77.4953 1476.596 16.46
77.5953 991.99 13.558
77.6953 1025.886 13.628
77.7953 1573.085 16.97
77.8953 2306.666 20.58
77.9953 2381.311 20.846
78.0953 1696.203 17.556
78.1953 946.407 13.179
78.2953 557.573 10.078
78.3953 460.465 9.162
78.4953 414.043 8.688
78.5953 449.411 9.068
78.6953 456.114 9.119
78.7953 426.909 8.821
78.8953 459.439 9.183
78.9953 512.767 9.682
79.0953 547.901 10.007
79.1953 571.653 10.203
79.2953 532.352 9.891
79.3953 485.589 9.408
79.4953 407.38 8.579
79.5953 428.646 8.892
79.6953 417.452 8.748
79.7953 414.331 8.702
79.8953 423.456 8.847
79.9953 413.085 8.722
80.0953 421.545 8.824
80.1953 409.684 8.75
80.2953 431.174 9.139
80.3953 417.141 8.887
80.4953 394.943 8.59
80.5953 431.241 8.894
80.6953 409.007 8.696
80.7953 421.898 8.78
80.8953 442.43 9.012
80.9953 446.303 8.998
81.0953 487.593 9.447
81.1953 488.535 9.421
81.2953 461.263 9.183
81.3953 439.174 8.905
81.4953 424.731 8.795
81.5953 425.355 8.793
81.6953 449.117 9.031
81.7953 459.924 9.162
81.8953 455.294 9.07
81.9953 464.29 9.166
82.0953 439.694 8.947
82.1953 445.164 9.023
82.2953 468.702 9.194
82.3953 473.676 9.27
82.4953 454.109 9.106
82.5953 459.477 9.135
82.6953 447.106 8.971
82.7953 434.684 8.952
82.8953 442.87 8.982
82.9953 412.32 8.662
83.0953 414.386 8.711
83.1953 432.182 8.908
83.2953 508.097 9.657
83.3953 625.199 10.755
83.4953 802.392 12.408
83.5953 867.268 12.85
83.6953 737.782 11.732
83.7953 591.207 10.399
83.8953 494.173 9.549
83.9953 486.726 9.446
84.0953 488.896 9.458
84.1953 513.862 9.677
84.2953 574.569 10.257
84.3953 622.985 10.596
84.4953 561.684 10.137
84.5953 493.772 9.478
84.6953 436.252 8.894
84.7953 415.059 8.675
84.8953 415.519 8.807
84.9953 406.746 8.405
85.0953 421.289 8.838
85.1953 427.639 8.793
85.2953 426.673 8.805
85.3953 404.44 8.595
85.4953 406.153 8.58
85.5953 405.724 8.559
85.6953 403.506 8.576
85.7953 420.883 8.744
85.8953 415.859 8.681
85.9953 412.394 8.721
86.0953 437.387 8.88
86.1953 443.546 9.033
86.2953 453.906 9.075
86.3953 436.725 8.952
86.4953 437.62 9.022
86.5953 426.725 8.842
86.6953 440.85 9.184
86.7953 476.815 9.565
86.8953 589.447 10.464
86.9953 1062.874 13.96
87.0953 1935.881 18.838
87.1953 2826.515 22.738
87.2953 3050.097 23.534
87.3953 2528.974 21.492
87.4953 1684.274 17.546
87.5953 975.4 13.281
87.6953 585.712 10.301
87.7953 465.207 9.209
87.8953 424.627 8.78
87.9953 421.864 8.719
88.0953 411.057 8.649
88.1953 402.189 8.555
88.2953 413.594 8.635
88.3953 428.494 8.804
88.4953 426.106 8.807
88.5953 402.773 8.548
88.6953 413.5 8.65
88.7953 412.528 8.676
88.8953 416.462 8.669
88.9953 407.247 8.626
89.0953 408.948 8.593
89.1953 392.711 8.489
89.2953 411.869 8.633
89.3953 394.337 8.481
89.4953 411.916 8.694
89.5953 418.616 8.708
89.6953 395.62 8.542
89.7953 398.789 8.565
89.8953 438.908 9.142
89.9953 504.811 9.816
90.0953 646.865 10.95
90.1953 770.522 11.902
90.2953 775.524 11.92
90.3953 634.998 10.744
90.4953 485.499 9.338
90.5953 436.542 8.915
90.6953 415.083 8.668
90.7953 405.878 8.58
90.8953 392.499 8.418
90.9953 385.123 8.349
91.0953 395.163 8.485
91.1953 386.02 8.321
91.2953 399.75 8.525
91.3953 401.516 8.499
91.4953 390.738 8.427
91.5953 443.96 8.958
91.6953 542.528 9.915
91.7953 725.854 11.498
91.8953 891.66 12.616
91.9953 912.473 12.904
92.0953 702.011 11.248
92.1953 500.324 9.539
92.2953 441.429 8.929
92.3953 448.872 9.054
92.4953 469.001 9.246
92.5953 469.46 9.232
92.6953 446.636 9.012
92.7953 411.232 8.701
92.8953 399.477 8.536
92.9953 405.975 8.693
93.0953 398.776 8.731
93.1953 441.659 9.185
93.2953 443.32 9.137
93.3953 437.199 8.981
93.4953 413.25 8.726
93.5953 404.031 8.62
93.6953 385.487 8.42
93.7953 388.552 8.441
93.8953 385.707 8.423
93.9953 375.046 8.3
94.0953 391.291 8.429
94.1953 396.569 8.523
94.2953 401.742 8.581
94.3953 392.311 8.445
94.4953 421.761 8.783
94.5953 470.142 9.272
94.6953 500.602 9.569
94.7953 589.679 10.363
94.8953 653.885 10.945
94.9953 642.326 10.882
95.0953 557.226 10.031
95.1953 493.963 9.569
95.2953 540.479 9.926
95.3953 732.619 11.578
95.4953 935.336 13.079
95.5953 926.94 13.049
95.6953 748.376 11.729
95.7953 665.5 11.056
95.8953 666.477 10.994
95.9953 704.46 11.542
96.0953 675.174 11.071
96.1953 643.46 10.992
96.2953 578.785 10.541
96.3953 547.509 10.215
96.4953 495.596 9.651
96.5953 536.208 9.943
96.6953 758.457 11.849
96.7953 1085.701 14.192
96.8953 1409.195 16.049
96.9953 1376.041 15.921
97.0953 951.292 13.242
97.1953 677.551 11.088
97.2953 668.232 11.085
97.3953 687.198 11.231
97.4953 665.936 11.05
97.5953 661.591 10.987
97.6953 702.849 11.344
97.7953 649.404 10.898
97.8953 523.881 9.776
97.9953 434.306 8.895
98.0953 416.139 8.728
98.1953 436.794 8.959
98.2953 471.906 9.241
98.3953 544.248 10.009
98.4953 604.423 10.552
98.5953 634.768 10.723
98.6953 592.307 10.401
98.7953 537.787 9.957
98.8953 524.075 9.822
98.9953 543.357 9.967
99.0953 566.45 10.232
99.1953 524.604 9.796
99.2953 503.903 9.694
99.3953 458.955 9.235
99.4953 435.122 9.169
99.5953 442.166 9.182
99.6953 405.521 8.703
99.7953 406.549 8.613
99.8953 382.708 8.371
99.9953 398.497 8.541
100.0953 395.68 8.488
100.1953 411.802 8.653
100.2953 408.279 8.636
100.3953 467.23 9.188
100.4953 530.66 9.82
100.5953 490.542 9.432
100.6953 452.785 9.063
100.7953 415.2 8.661
100.8953 394.255 8.456
100.9953 395.881 8.459
101.0953 403.988 8.557
101.1953 411.806 8.622
101.2953 386.802 8.377
101.3953 393.39 8.443
101.4953 374.985 8.24
101.5953 380.805 8.336
101.6953 369.469 8.178
101.7953 360.549 8.072
101.8953 388.552 8.421
101.9953 389.677 8.412
102.0953 387.507 8.402
102.1953 383.692 8.341
102.2953 388.147 8.43
102.3953 377.699 8.308
102.4953 392.04 8.431
102.5953 396.723 8.584
102.6953 418.308 8.918
102.8953 662.527 11.142
102.9953 877.488 12.705
103.0953 899.577 12.864
103.1953 713.78 11.463
103.2953 519.377 9.731
103.3953 439.028 8.971
103.4953 414.305 8.698
103.5953 423.304 8.751
103.6953 400.841 8.542
103.7953 408.726 8.632
103.8953 415.203 8.69
103.9953 428.164 8.827
104.0953 404.814 8.576
104.1953 391.294 8.461
104.2953 390.553 8.411
104.3953 384.725 8.368
104.4953 410.366 8.636
104.5953 405.922 8.6
104.6953 379.365 8.296
104.7953 388.211 8.416
104.8953 380.323 8.325
104.9953 366.226 8.187
105.0953 368.716 8.16
105.1953 383.758 8.412
105.2953 389.529 8.42
105.3953 404.624 8.617
105.4953 411.037 8.679
105.5953 417.894 8.748
105.6953 442.49 8.973
105.7953 475.721 9.417
105.8953 576.25 10.602
105.9953 608.926 10.543
106.0953 666.722 11.273
106.1953 639.408 10.813
106.2953 663.913 11.082
106.3953 725.029 11.475
106.4953 740.259 11.631
106.5953 653.591 10.908
106.6953 549.423 10.019
106.7953 527.396 9.762
106.8953 563.633 9.959
106.9953 664.67 11.416
107.0953 678.836 10.894
107.1953 634.346 10.696
107.2953 518.447 9.739
107.3953 441.996 8.924
107.4953 392.8 8.444
107.5953 376.258 8.252
107.6953 388.707 8.401
107.7953 431.908 8.87
107.8953 531.139 9.811
107.9953 656.221 10.943
108.0953 681.462 11.109
108.1953 586.03 10.352
108.2953 455.031 9.088
108.3953 390.222 8.445
108.4953 359.076 8.072
108.5953 374.252 8.272
108.6953 388.952 8.444
108.7953 450.434 9.082
108.8953 506.823 9.592
108.9953 600.24 10.611
109.0953 708.338 11.6
109.1953 786.925 12.241
109.2953 796.339 12.21
109.3953 752.905 11.743
109.4953 643.662 10.883
109.5953 514.292 9.763
109.6953 453.911 9.071
109.7953 438.237 8.972
109.8953 416.44 8.699
109.9953 404.749 8.59
110.0953 401.019 8.527
110.1953 469.201 9.232
110.2953 575.974 10.23
110.3953 636.962 10.745
110.4953 620.287 10.585
110.5953 521.076 9.781
110.6953 428.369 8.792
110.7953 392.883 8.448
110.8953 402.222 8.539
110.9953 421.976 8.768
111.0953 521.555 9.712
111.1953 615.614 10.569
111.2953 640.557 10.787
111.3953 576.759 10.257
111.4953 452.739 9.046
111.5953 404.191 8.615
111.6953 388.931 8.388
111.7953 372.794 8.293
111.8953 400.498 8.498
111.9953 385.756 8.468
112.0953 370.227 8.203
112.1953 349.388 8.082
112.2953 350.537 8.17
112.3953 351.343 8.169
112.4953 349.266 8.03
112.5953 364.276 8.135
112.6953 403.215 8.583
112.7953 523.692 9.736
112.8953 657.848 10.908
112.9953 769.261 11.776
113.0953 774.295 11.88
113.1953 627.818 10.639
113.2953 480.802 9.296
113.3953 392.945 8.449
113.4953 353.304 7.984
113.5953 353.127 8.003
113.6953 348.884 7.907
113.7953 363.424 8.092
113.8953 369.359 8.162
113.9953 363.332 8.074
114.0953 434.985 8.831
114.1953 482.815 9.415
114.2953 470.98 9.17
114.3953 457.968 9.094
114.4953 419.971 8.712
114.5953 362.376 8.073
114.6953 358.197 8.083
114.7953 365.9 8.06
114.8953 363.073 8.18
114.9953 355.206 7.999
115.0953 347.084 7.954
115.1953 345.312 7.918
115.2953 341.688 7.921
115.3953 352.066 8.031
115.4953 364.709 8.345
115.5953 469.144 9.396
115.6953 533.348 9.93
115.7953 620.688 10.615
115.8953 642.24 10.816
115.9953 581.065 10.302
116.0953 514.519 9.646
116.1953 439.864 8.94
116.2953 415.807 8.687
116.3953 418.448 8.697
116.4953 390.256 8.456
116.5953 401.976 8.437
116.6953 401.273 8.542
116.7953 408.776 8.58
116.8953 380.82 8.298
116.9953 350.789 7.968
117.0953 347.033 7.895
117.1953 351.352 7.979
117.2953 335.327 7.775
117.3953 345.801 7.906
117.4953 357.282 8.035
117.5953 352.93 7.976
117.6953 343.573 7.88
117.7953 334.589 7.781
117.8953 347.025 7.893
117.9953 343.018 7.964
118.0953 328.095 7.591
118.1953 332.582 7.835
118.2953 338.964 7.832
118.3953 332.51 7.788
118.4953 356.815 8.051
118.5953 392.265 8.511
118.6953 426.194 8.945
118.7953 447.002 9.26
118.8953 459.454 9.145
118.9953 473.121 9.316
119.0953 450.926 9.011
119.1953 454.869 9.103
119.2953 486.787 9.382
119.3953 595.181 10.37
119.4953 706.253 11.29
119.5953 854.558 12.441
119.6953 787.214 11.858
119.7953 721.444 11.434
119.8953 594.873 10.348
119.9953 460.586 9.089
120.0953 389.808 8.343
120.1953 343.121 8.008
120.2953 343.136 7.584
120.3953 324.509 7.762
120.4953 308.277 7.44
120.5953 318.026 7.598
120.6953 305.942 7.36
120.7953 325.896 7.677
120.8953 323.244 7.606
120.9953 320.1 7.596
121.0953 316.722 7.532
121.1953 307.172 7.452
121.2953 305.367 7.433
121.3953 312.487 7.5
121.4953 316.764 7.563
121.5953 312.077 7.594
121.6953 326.894 7.582
121.7953 333.871 7.97
121.8953 362.176 8.197
121.9953 380.81 8.492
122.0953 434.729 8.956
122.1953 448.189 9.016
122.2953 469.297 9.272
122.3953 499.626 9.524
122.4953 503.112 9.597
122.5953 486.13 9.387
122.6953 481.423 9.384
122.7953 424.648 8.76
122.8953 378.39 8.259
122.9953 338.877 7.872
123.0953 334.322 7.777
123.1953 332.728 7.74
123.2953 351.407 7.989
123.3953 390.564 8.4
123.4953 394.786 8.44
123.5953 388.861 8.381
123.6953 393.437 8.463
123.7953 363.723 8.113
123.8953 352.661 7.978
123.9953 339.182 7.829
124.0953 324.525 7.673
124.1953 340.413 7.855
124.2953 345.812 7.919
124.3953 372.079 8.226
124.4953 371.231 8.235
124.5953 388.581 8.386
124.6953 379.268 8.35
124.7953 350.544 7.912
124.8953 341.957 7.927
124.9953 319.827 7.694
125.0953 328.141 7.835
125.1953 315.182 7.727
125.2953 321.15 7.712
125.3953 331.07 7.834
125.4953 323.419 7.632
125.5953 348.48 7.945
125.6953 400.582 8.513
125.7953 436.059 8.842
125.8953 491.664 9.419
125.9953 484.567 9.331
126.0953 493.456 9.379
126.1953 443.868 8.935
126.2953 394.761 8.426
126.3953 335.746 7.733
126.4953 316.793 7.575
126.5953 327.349 7.644
126.6953 306.584 7.41
126.7953 326.898 7.644
126.8953 334.665 7.747
126.9953 346.796 7.912
127.0953 398.4 8.42
127.1953 412.692 8.587
127.2953 444.733 8.936
127.3953 462.562 9.162
127.4953 436.409 8.817
127.5953 411.641 8.611
127.6953 356.666 7.997
127.7953 347.018 7.932
127.8953 333.932 7.745
127.9953 324.535 7.69
128.0953 325.611 7.637
128.1953 312.588 7.602
128.2953 298.326 7.486
128.3953 310.329 7.649
128.4953 305.873 7.501
128.5953 298.155 7.365
128.6953 312.934 7.532
128.7953 318.525 7.608
128.8953 314.879 7.527
128.9953 314.608 7.555
129.0953 346.07 7.931
129.1953 381.176 8.261
129.2953 436.411 8.855
129.3953 463.122 9.162
129.4953 495.045 9.423
129.5953 485.224 9.342
129.6953 446.383 8.967
129.7953 427.136 8.792
129.8953 393.587 8.401
129.9953 345.626 7.896
130.0953 337.315 7.769
